15
12
11
3
16
18
12
8
13
11
5
1
20
9
1
13
16
1
11
15
4
3
16
20
10
4
10
18
1
5
15
4
15
2
4
16
8
10
9
18
6
19
12
17
20
9
10
7
13
15
13
4
12
10
4
9
9
16
1
10
17
4
14
20
18
8
9
6
18
19
17
15
11
14
8
18
12
14
19
20
13
6
7
11
20
13
4
7
15
10
16
20
14
17
15
15
8
19
8
14
2
6
2
1
11
15
5
7
17
8
18
15
19
16
9
20
15
1
5
3
9
1
2
1
14
2
14
7
10
10
8
20
15
2
17
11
6
17
1
10
20
12
19
16
11
17
14
12
12
13
3
15
6
12
8
7
13
9
15
7
15
8
13
8
14
9
17
8
3
15
19
13
9
6
11
10
7
15
12
17
1
1
1
6
13
15
16
16
13
18
10
7
4
19
20
5
7
9
15
17
15
1
1
3
16
15
9
2
1
1
14
19
12
16
15
9
11
11
14
6
1
6
4
20
11
17
10
14
9
10
3
14
11
8
3
10
2
15
4
2
5
18
5
19
11
15
15
18
19
4
11
15
20
15
5
4
17
12
12
1
10
10
8
17
2
14
2
20
18
4
19
5
15
1
12
10
17
7
1
10
6
2
20
10
4
20
16
7
18
2
6
11
16
13
11
10
16
6
11
15
1
10
3
2
8
13
13
18
18
4
6
20
2
16
1
4
10
2
19
7
3
2
19
12
12
13
3
15
7
16
9
7
2
10
11
9
18
17
1
19
15
9
11
18
10
5
11
16
3
15
2
3
15
16
12
2
5
5
15
11
8
12
3
16
12
17
16
2
13
14
5
3
2
16
12
9
6
15
5
19
3
13
9
19
2
7
6
4
3
19
3
1
12
1
18
2
16
5
2
1
4
11
10
8
6
17
20
4
13
15
2
12
17
13
14
2
16
7
4
13
16
9
13
14
5
3
12
18
9
13
9
7
9
15
15
4
19
6
6
17
19
3
15
20
20
1
5
2
10
4
7
6
18
2
19
8
17
12
11
2
8
7
14
17
11
10
5
19
16
14
7
10
9
6
6
16
9
11
8
12
5
18
1
5
3
19
20
15
7
9
8
4
10
10
12
15
11
2
17
6
1
17
5
13
8
6
15
9
17
20
14
12
11
17
15
3
1
3
8
14
9
11
12
11
9
9
13
3
13
5
15
5
14
7
3
5
9
12
20
11
18
18
2
14
2
3
14
5
11
13
11
14
10
12
8
9
20
7
10
11
10
1
5
20
2
17
17
19
16
3
15
5
3
1
4
10
5
20
19
20
3
11
17
4
8
13
18
2
12
12
2
11
3
7
2
12
11
1
20
6
4
2
14
15
1
2
14
4
19
10
8
3
7
10
10
16
13
17
4
16
9
7
2
8
12
7
5
12
12
11
17
2
10
8
5
15
3
10
15
20
15
1
17
15
8
18
13
16
6
9
3
1
8
4
9
14
9
4
11
10
17
12
10
13
8
18
12
16
17
13
1
14
12
8
1
16
10
12
4
1
11
13
20
9
1
15
4
10
1
8
4
16
2
7
8
19
14
17
3
7
15
14
2
11
18
19
14
14
11
3
1
14
14
8
18
9
15
1
3
11
15
4
16
5
3
1
8
7
16
10
19
11
10
16
11
9
5
10
3
2
17
5
5
19
10
5
20
9
13
10
11
5
19
4
17
20
12
5
7
10
13
19
8
20
12
15
5
8
19
16
18
8
9
6
10
12
4
16
19
16
8
6
16
17
5
3
3
14
15
14
15
6
11
9
3
4
18
11
8
6
20
16
15
5
1
13
11
5
20
13
19
8
10
19
7
9
16
18
14
6
11
13
19
2
1
17
8
11
5
12
10
20
13
6
2
8
1
12
11
8
12
19
5
6
8
13
19
17
18
15
18
17
18
18
14
3
10
9
11
20
4
1
13
1
3
5
11
18
5
9
14
6
19
15
20
6
8
10
6
13
8
2
10
14
13
13
8
20
6
3
4
8
12
5
10
10
1
14
6
16
19
9
6
12
19
10
2
9
10
10
4
17
20
1
15
14
11
17
12
15
16
14
4
6
11
8
16
1
13
18
16
14
12
8
15
6
3
1
10
18
9
2
13
11
6
9
11
13
13
17
12
13
6
19
2
11
16
17
18
12
11
13
10
19
8
13
18
16
17
19
3
4
16
3
3
11
2
15
4
9
12
12
19
2
13
14
5
1
3
12
19
20
9
20
17
10
2
6
10
4
