-373 -734 103
-360 719 468
-90 451 268
790 242 230
914 35 304
-750 -850 424
590 512 121
-34 -640 89
321 -544 221
374 -443 161
-700 628 365
965 -559 480
-127 -909 471
955 346 260
939 -280 172
-96 972 350
-274 -740 430
-144 560 45
972 -344 113
-172 389 493
-957 198 202
589 -469 122
-47 541 67
870 -388 245
-886 -718 328
67 -686 228
842 669 24
-964 651 447
40 -43 415
849 -421 1
469 907 76
-753 766 44
158 866 449
-309 -738 207
55 -556 463
-301 827 337
137 -259 358
-710 590 411
-901 84 444
-760 -200 66
296 -499 43
430 -330 199
-894 647 106
11 -499 380
-153 671 237
-684 354 393
-846 969 392
691 -383 385
460 652 466
-426 482 305
976 460 99
19 182 497
42 -512 259
949 448 407
911 131 54
-472 -378 334
648 232 289
-144 -127 316
63 825 317
212 -681 336
-375 424 159
-983 -50 307
982 109 57
-957 -860 30
235 -328 184
442 -676 383
390 -990 498
-942 -374 56
-935 151 352
775 -219 209
-192 900 248
974 420 79
317 -350 97
-793 -157 4
266 816 477
836 -212 489
142 -808 235
941 654 488
836 -154 457
-955 376 384
163 -842 237
934 78 475
-947 -667 323
724 987 285
-591 -509 167
900 -893 153
-421 590 371
-885 -909 355
269 243 362
-614 148 333
420 659 162
-622 749 66
243 79 395
-445 323 379
-525 617 476
-195 532 217
183 -697 70
983 745 452
-138 605 23
813 -578 192
940 835 200
-1 12 309
955 10 107
-787 -366 464
-349 806 388
24 905 232
-522 894 147
-850 208 126
-364 118 338
948 597 246
-823 -643 302
-571 763 37
228 949 266
-986 -532 483
864 521 302
222 155 352
-927 -218 481
-362 -308 416
114 21 180
-615 -953 381
286 225 301
-496 560 332
-979 -404 205
-521 -521 70
-520 -119 34
-229 -138 428
167 -439 340
48 -711 27
968 -977 205
-893 231 133
176 853 154
105 -770 247
-263 -704 430
442 607 199
449 953 200
478 796 370
-766 295 199
-197 -496 500
13 425 238
-207 -162 463
-385 -204 318
345 -197 68
970 -733 256
642 682 148
517 -250 237
225 638 79
-768 345 430
849 -525 32
100 -337 198
645 -87 306
822 -799 357
-334 -578 409
-547 153 225
-914 -507 274
270 887 476
-205 951 154
-386 145 13
389 -46 147
743 25 451
-490 -929 345
-762 -567 62
-918 -269 421
-894 23 312
-369 -264 145
20 -121 98
-817 -32 380
732 -104 309
343 -391 287
982 854 396
-989 661 422
529 156 393
-33 866 395
-930 -192 326
-632 894 131
57 826 207
-689 -723 137
473 783 402
471 966 464
687 378 397
-460 -217 241
981 954 1
-416 377 311
-508 -975 197
46 -639 8
-499 250 474
49 386 140
312 138 140
445 976 129
-845 -976 289
-584 -350 133
-713 562 122
-306 449 245
679 -488 93
-297 -759 434
173 251 141
150 385 256
-810 -120 445
704 470 115
-132 875 420
884 786 215
-675 -304 13
-554 -736 171
673 671 469
-434 -992 179
-159 -412 370
555 229 463
-983 -54 21
406 578 435
532 929 173
-965 -484 279
145 -851 395
-371 -993 431
-525 52 81
296 436 197
742 151 399
515 186 69
-173 -747 416
-842 228 201
108 -83 262
-454 -681 71
916 261 17
715 167 167
-187 -854 204
-317 170 386
-257 -282 294
197 628 44
-999 -935 491
649 337 413
188 657 26
802 -765 413
-345 -82 382
-568 -605 185
-773 -671 438
-306 -778 491
-589 -78 306
-788 -631 276
-782 -216 450
-362 -751 391
259 -318 125
851 -935 431
323 601 220
408 -403 379
-450 -228 460
-252 -556 12
709 128 55
-244 -975 189
232 -597 467
-165 78 36
-251 969 79
770 211 483
871 -53 60
240 -993 178
152 -90 417
-395 119 104
132 -209 342
170 -23 329
613 -635 13
-469 -443 259
561 510 207
-981 984 75
-727 506 398
-433 -840 461
-432 -364 150
845 224 257
-913 -535 269
760 670 90
-334 480 308
-515 311 259
-136 -322 122
692 479 38
-859 -109 270
-158 979 77
-72 -889 167
686 -908 1
-936 439 295
630 -36 28
445 -941 213
-201 -687 143
-861 232 76
-671 266 199
747 386 239
-531 -644 330
-504 -919 324
-745 -362 220
537 218 239
-187 -876 459
131 172 250
602 36 173
-774 610 384
-557 242 369
516 -624 274
-46 456 43
493 -178 407
526 640 136
-265 -678 4
619 -274 208
970 -364 200
-226 -779 37
757 296 489
-550 -635 148
124 405 300
-445 -518 421
-364 169 496
730 -323 346
-549 174 152
-357 187 380
557 -351 354
25 -407 388
-139 -775 265
190 -880 324
513 776 267
196 771 196
-328 -272 285
695 303 77
-468 933 396
559 -531 133
498 -364 115
-350 582 472
682 -401 110
47 -667 84
-455 998 478
144 -365 245
-985 492 26
-961 466 334
-326 445 462
-317 -418 177
-653 -840 380
267 573 55
603 -791 494
513 915 360
325 21 35
-18 467 388
-448 89 313
429 -471 341
-207 -154 48
115 671 461
772 -728 123
-94 143 207
-986 734 482
-923 -534 158
-925 398 377
299 -62 158
690 42 82
437 -768 185
806 -959 423
528 680 425
545 573 263
-587 328 427
-906 885 178
-494 820 271
267 -108 364
701 803 435
823 346 490
-617 227 161
-252 251 322
59 -998 279
811 211 470
65 -1 77
838 -533 400
-465 918 365
-385 459 462
772 -813 434
400 -138 493
-405 -401 12
965 -67 395
974 -98 37
-155 501 103
-275 673 359
-689 219 5
-679 -338 437
447 -175 470
-612 608 302
-552 -445 154
814 445 289
479 536 160
554 -79 170
-26 -334 428
-707 -10 279
878 204 163
-580 -37 339
491 -20 100
620 98 184
318 638 416
304 628 391
-13 -676 257
857 323 262
912 596 164
-29 755 202
-637 -416 97
-137 -222 25
-746 -688 253
-141 -543 105
797 843 422
323 -763 291
694 -700 325
645 -297 110
-590 435 303
-567 125 395
490 30 428
-618 -619 230
-356 501 384
626 -164 90
808 -473 490
970 -51 388
275 159 395
284 829 261
-657 -772 316
-507 -411 147
182 253 386
-446 -669 21
596 -868 4
82 952 288
11 -724 358
782 -52 414
-820 -61 208
-480 -745 55
58 -89 410
996 819 473
-41 127 337
-170 -801 107
-115 -704 442
-981 39 185
-155 -531 356
-522 149 493
-434 -174 185
10 -265 219
250 -392 377
-786 374 228
-657 401 160
411 -756 118
13 -195 132
-646 -645 160
-179 -276 100
781 -30 122
-607 738 267
-913 -702 81
104 477 386
-628 -104 402
233 146 302
217 -768 4
-332 -329 75
-273 304 295
977 861 39
736 -352 269
-888 -870 189
-465 -25 458
-688 110 414
688 945 111
57 -414 138
-31 69 449
755 728 30
401 -199 21
-940 -51 292
637 516 239
939 -169 350
196 489 198
533 427 405
120 -806 269
58 672 352
780 154 87
612 -973 444
827 760 446
641 -508 159
-160 873 93
781 -28 486
-383 28 97
464 404 362
-305 84 93
257 852 119
-767 -831 74
-297 670 397
-7 -36 142
802 900 259
-314 647 385
819 -698 442
-771 409 74
761 -862 43
606 -60 29
-361 -525 213
144 -906 46
-750 -252 93
429 11 261
-649 261 207
979 353 435
790 962 288
-305 -608 171
859 -767 347
-123 132 169
991 953 270
677 -166 92
110 -699 493
395 -909 227
374 -951 50
6 -778 246
701 295 27
836 -522 36
-270 115 344
-507 809 452
601 902 173
-341 948 162
-888 808 265
-93 771 404
988 -50 179
-211 -841 75
-873 587 292
591 604 68
-42 700 247
739 -165 435
-758 948 211
-232 531 446
-990 -615 243
669 -44 63
867 871 468
833 -653 56
-709 -828 7
-706 465 228
939 234 149
415 563 80
-162 -12 74
404 -110 165
230 860 171
-977 -88 198
-351 230 415
719 -257 199
377 -68 154
621 820 47
243 -996 48
588 -953 402
-281 494 297
-755 284 300
-151 -996 327
-984 868 147
-299 -845 104
-13 -331 304
854 -364 466
665 319 405
109 182 83
-400 361 243
-606 678 374
984 21 165
693 28 415
708 -988 391
-628 845 21
854 683 85
905 371 419
260 283 207
-692 -134 195
701 -357 56
367 -89 281
-315 -223 496
-478 748 193
-760 -711 248
495 -498 167
863 954 350
294 852 443
-12 -196 497
248 755 253
203 -558 463
-296 -629 334
-127 -36 335
815 -432 168
-559 -411 281
-909 449 185
941 188 318
221 -198 15
526 306 248
526 -756 1
618 -877 356
-486 -179 477
756 -988 387
454 476 348
-117 668 235
465 -56 500
313 -721 375
442 289 149
-448 -955 125
-821 954 183
-180 84 484
-308 130 219
674 -814 328
660 149 17
-326 -830 434
928 780 148
-810 -754 194
402 -967 72
235 140 231
-698 -851 320
227 229 288
597 644 9
283 -631 395
-62 -46 109
385 371 39
778 -389 419
135 26 118
481 218 95
123 863 106
915 6 296
-374 525 324
-675 -998 399
-39 399 123
919 280 437
-253 -287 96
-763 -998 192
869 -300 115
632 956 355
527 522 160
590 617 414
-214 -80 419
449 -184 367
-700 -202 348
412 732 488
-388 61 378
-134 -666 80
4 932 190
-903 -566 152
699 -812 467
764 464 346
-240 -709 256
986 68 106
360 -827 293
-543 -552 321
-67 -988 262
-378 -760 489
-120 -253 171
268 436 293
335 59 193
104 735 14
290 -488 56
-823 688 92
-290 414 225
-414 612 379
430 63 401
391 -603 438
-276 -591 415
-650 355 67
739 -818 455
786 -752 153
-747 490 349
-429 954 57
-379 860 350
-398 -956 245
-489 316 245
-896 577 464
294 -249 337
-732 -575 474
901 -362 222
-92 -255 219
134 -655 134
-129 -647 445
-663 907 164
297 625 320
-605 -114 140
-933 342 157
456 642 204
765 -677 51
958 979 466
-983 -592 205
240 559 183
-765 858 495
471 -587 239
-833 151 325
414 -543 64
854 -216 473
-519 -419 111
79 941 35
-628 -983 7
776 -85 180
996 401 9
253 -284 160
478 -407 384
-862 -956 333
-579 -12 129
927 -479 135
-306 362 315
-322 916 123
-460 918 357
839 -984 443
718 896 308
-261 -125 372
74 -488 236
934 -620 156
853 339 411
-163 -634 94
1000 154 106
-535 -311 109
-585 -264 467
418 61 4
-929 814 204
-740 292 428
371 887 97
51 -580 35
-524 659 168
-838 -83 140
-858 -683 128
-31 -941 16
-307 954 298
248 1 256
116 -652 406
440 332 199
975 -630 268
-953 -445 491
629 17 375
-216 672 389
-337 -121 467
-654 -897 234
-111 -367 312
449 -272 390
636 42 72
844 279 109
-950 -482 481
-526 -752 62
16 166 291
600 980 71
-885 -184 176
859 -168 132
552 797 248
-130 956 22
-554 443 329
-434 -347 412
-316 307 183
-365 722 422
-227 -193 82
-336 958 461
92 -983 442
-714 -810 321
-460 -862 165
-908 331 249
-897 659 166
-24 -231 459
-5 198 410
-85 789 52
57 936 17
-529 -815 250
-244 -542 480
507 -298 341
-204 -169 141
980 -721 287
232 -74 199
-877 -841 230
-724 -183 47
-192 823 32
680 -971 107
840 824 444
854 -183 150
-521 711 452
-132 865 105
108 -378 130
-905 -910 436
497 -177 427
261 862 447
-371 -681 144
371 -445 326
740 832 181
723 624 487
-110 -439 148
139 349 34
398 -675 236
-69 149 373
-685 884 247
426 956 21
-892 983 433
-696 -927 210
736 -852 382
-60 747 403
79 167 206
289 -334 78
-288 71 285
-876 -877 384
380 92 158
726 49 298
-740 -828 275
-33 -814 226
687 -742 337
-72 -639 9
-231 -112 33
752 197 165
-209 174 489
596 -665 137
998 458 193
-584 -299 423
513 -511 332
-36 -647 289
432 -968 169
-238 -552 368
-110 -381 94
-63 508 119
-991 371 113
-420 -534 90
510 408 339
850 -937 428
863 -226 348
327 -977 446
583 38 259
264 365 259
315 -906 112
-703 -445 188
370 526 57
-768 -330 189
966 128 33
421 -60 263
-228 422 226
495 -160 423
159 -479 321
794 -313 107
-98 -92 418
-412 969 113
706 -690 70
-563 -610 100
515 340 138
77 -96 247
-661 616 290
-343 195 344
-574 595 213
288 -713 94
-373 -79 452
-903 710 13
-752 906 166
-141 66 58
549 -561 345
367 715 497
-610 661 487
209 -692 493
-335 789 452
654 -52 7
615 270 395
13 -498 220
-670 16 284
-914 -226 105
-235 -683 204
-461 -974 308
805 -591 311
-316 -569 17
495 -148 199
-343 689 443
-270 361 494
807 -960 325
203 -622 401
646 -177 142
595 807 128
549 711 439
-54 890 377
966 321 38
577 -483 38
-883 -849 50
-420 -42 200
-845 -842 273
-501 29 300
30 -59 283
108 -297 368
-1000 -840 333
-465 -765 429
105 507 48
-707 -314 24
56 -310 206
886 -21 254
-135 233 199
486 -84 244
-888 473 217
-383 277 67
578 106 68
-873 439 390
-266 -471 180
456 -56 12
-84 679 205
-465 194 57
122 -839 165
782 -827 349
983 984 183
359 -237 143
580 967 154
-787 232 200
-522 -940 272
-822 -570 285
673 129 132
-519 -902 413
-238 -270 5
-159 -894 382
115 -669 321
105 799 322
-553 147 379
666 -665 291
-203 -816 98
583 799 185
863 -31 381
432 781 152
403 -518 238
642 313 445
-407 -684 392
791 99 162
-154 6 332
-23 343 429
103 -824 283
-743 630 30
514 755 105
-4 508 143
725 634 380
850 -615 266
-200 750 209
-283 -659 331
-981 -644 393
-639 560 206
-762 -601 251
-672 -315 355
-997 393 128
534 -29 412
751 216 241
-181 -414 76
368 -728 405
-944 -13 276
417 285 300
601 21 247
298 916 324
741 796 48
-649 200 410
933 271 279
672 275 156
471 371 406
671 17 289
917 511 486
341 232 67
-550 -440 20
-532 337 30
584 -925 385
657 -82 54
181 -296 260
24 -868 39
636 -98 65
49 -556 308
985 137 315
-31 -925 90
-652 -287 215
-693 -92 82
59 376 174
-635 804 491
-687 -322 31
-91 -451 101
993 145 361
-37 188 15
282 -136 352
783 -752 420
643 397 147
1000 -783 233
-864 647 287
840 741 305
-705 439 449
-292 -814 468
-628 -470 14
-124 -924 58
-128 2 181
368 457 253
901 503 51
-498 886 410
-602 -822 279
87 -956 172
372 71 75
107 836 387
-481 471 285
-946 -297 171
486 467 245
188 715 437
-607 -308 367
273 -806 231
307 621 195
-132 700 265
218 -857 436
712 51 450
-482 610 54
-844 9 134
-171 -704 131
-562 -146 370
999 -17 74
186 -447 5
-55 115 8
-279 -270 129
-815 -66 105
970 -640 407
317 -263 93
460 -100 429
345 -772 473
-894 -533 121
-491 -379 238
-802 384 4
-378 205 206
469 720 122
294 155 176
178 623 260
-999 572 259
-378 -119 180
-275 -164 85
-310 -278 297
-433 797 229
242 -921 172
848 -815 328
383 -90 458
-541 -763 113
634 -488 89
915 930 493
-640 509 497
988 744 78
921 -723 4
